0.99
0.99
0.98
1.00
1.00
1.00
1.00
1.00
1.00
1.00
0.98
0.99
1.03
1.03
1.03
1.03
0.98
0.98
1.03
1.01
1.01
1.01
1.01
0.98
1.02
0.99
0.99
0.99
0.99
0.99
0.99
0.99
0.99
1.02
1.02
1.02
1.02
0.97
0.97
0.97
0.97
0.97
0.97
0.97
0.97
1.00
1.00
1.01
0.98
0.98
0.98
0.98
1.02
1.02
1.02
1.02
1.02
1.02
1.02
1.02
0.99
1.03
1.03
1.03
1.03
1.03
1.03
1.03
0.99
1.01
1.01
1.01
1.01
1.01
1.01
1.01
1.01
1.01
1.01
1.01
1.01
1.00
1.00
1.00
1.00
0.99
0.99
0.99
1.00
1.00
1.01
1.00
1.00
0.98
0.98
0.97
0.97
0.97
0.97
1.01
0.99
0.99
0.98
0.98
0.98
1.01
0.98
1.01
1.01
0.99
0.99
0.99
0.99
0.99
1.00
1.00
1.00
1.00
0.98
0.98
0.98
0.98
0.98
0.98
0.98
0.98
0.98
0.98
1.00
0.97
0.97
0.97
0.97
0.97
0.97
0.97
0.97
0.97
0.97
0.97
0.97
1.00
1.01
0.97
0.97
0.99
0.99
0.99
0.98
0.98
0.98
0.98
0.99
0.99
0.99
1.01
1.01
1.01
0.99
0.98
0.98
0.98
0.98
0.98
0.98
0.99
1.00
1.00
1.00
1.00
1.00
1.00
1.02
1.01
1.01
1.01
1.01
1.01
1.01
1.01
0.99
0.99
0.99
0.99
0.99
0.96
0.96
0.96
0.96
0.96
0.96
0.96
0.96
0.96
1.00
0.99
0.99
1.01
1.01
1.01
1.01
1.01
1.02
1.05
1.03
1.03
1.03
1.03
1.03
1.03
1.03
1.03
0.98
0.98
0.98
0.98
0.98
1.03
0.99
0.99
0.99
0.99
0.99
0.99
0.98
0.97
0.97
0.97
0.99
0.99
0.99
0.99
0.99
1.01
1.01
1.01
1.02
1.02
1.02
1.01
0.97
0.97
0.97
0.97
0.97
0.99
0.99
0.98
0.98
0.98
0.98
1.01
1.01
1.01
1.01
1.01
1.01
1.01
1.01
1.01
1.01
1.01
1.01
1.01
1.01
1.01
1.01
1.01
0.98
0.98
0.98
0.98
0.98
0.98
1.00
1.00
1.02
0.99
0.99
0.99
0.99
0.99
0.98
0.98
0.98
0.98
0.98
0.98
0.98
1.00
0.97
0.99
0.99
0.99
0.99
0.99
1.04
1.01
1.01
0.97
0.97
0.97
0.97
0.98
0.98
0.98
0.99
1.02
1.02
1.02
1.02
1.02
1.02
0.99
1.01
1.01
1.01
1.01
0.99
1.01
1.00
1.00
1.00
1.00
1.00
0.97
0.97
0.99
1.00
1.00
0.97
0.97
1.00
1.00
1.00
1.00
1.00
1.00
1.00
1.00
0.99
0.99
0.99
0.97
1.00
1.00
1.00
1.00
1.00
0.97
0.99
0.99
0.99
0.99
0.99
0.99
0.99
1.01
1.01
1.01
1.01
1.01
1.01
1.01
1.03
1.00
1.00
0.98
0.98
0.98
0.98
0.98
1.01
1.02
1.02
1.02
1.02
1.02
1.02
1.02
1.02
1.02
1.02
1.02
1.02
0.98
0.98
1.00
1.00
1.00
1.00
1.01
1.01
0.99
1.01
1.01
1.01
1.01
1.03
1.03
0.98
1.00
0.99
0.99
0.99
0.99
1.01
1.01
1.01
1.00
0.99
0.99
0.99
0.99
0.99
1.00
1.00
0.99
0.99
0.99
0.99
0.96
0.99
0.99
1.00
1.00
1.00
1.00
1.00
1.00
1.00
1.00
1.00
1.00
1.00
1.00
1.00
1.00
1.02
1.00
1.00
1.00
1.00
1.00
1.00
1.00
1.00
0.99
0.99
0.99
0.99
1.00
1.00
0.98
0.99
0.99
0.97
0.97
1.01
1.01
1.01
1.01
1.01
1.01
1.01
1.01
1.01
1.01
1.02
1.02
1.02
1.02
1.02
1.02
1.02
1.02
1.02
1.02
1.02
1.02
1.02
1.02
0.98
0.98
0.98
0.98
0.98
0.98
0.98
0.99
1.01
1.01
1.01
1.01
1.01
0.98
0.98
0.98
0.98
0.98