0.04
0.04
0.04
0.04
0.00
-0.01
-0.01
-0.01
-0.01
-0.01
-0.01
-0.01
-0.01
-0.01
-0.01
-0.01
-0.01
-0.01
0.01
0.01
0.02
0.01
0.01
0.05
0.05
0.05
0.05
0.01
-0.04
-0.04
-0.04
-0.04
-0.04
0.02
-0.03
-0.03
-0.03
-0.03
-0.03
-0.03
-0.00
-0.00
-0.00
0.02
0.02
-0.00
0.04
0.01
0.03
0.03
0.03
0.03
0.03
0.03
0.03
0.03
0.05
0.05
-0.04
-0.04
0.02
0.02
0.02
0.01
0.02
0.02
0.01
0.01
0.01
0.01
0.01
0.01
0.01
0.01
0.01
0.01
0.01
0.01
0.01
0.01
0.01
0.01
0.01
0.01
0.01
0.02
0.02
0.02
0.02
0.02
0.02
-0.06
-0.01
-0.03
-0.03
-0.03
-0.03
0.01
0.01
0.01
0.01
0.03
0.03
0.03
0.01
0.03
-0.09
-0.09
0.00
0.00
0.00
0.01
-0.07
-0.07
-0.07
-0.02
-0.02
-0.02
-0.02
-0.02
0.02
-0.05
-0.05
-0.05
-0.05
0.03
0.03
0.03
0.02
0.02
0.02
0.02
0.02
0.02
0.01
0.01
0.01
0.01
0.01
0.01
-0.05
-0.05
-0.05
-0.05
-0.00
-0.00
0.03
-0.05
0.00
0.02
0.01
0.01
0.01
0.01
-0.04
-0.04
-0.04
-0.04
-0.04
-0.04
0.04
0.01
0.01
0.01
0.01
0.01
0.01
0.01
-0.00
0.02
0.02
0.02
0.02
0.02
0.02
0.02
0.03
0.03
-0.04
-0.04
-0.04
-0.04
0.02
0.02
0.02
0.04
0.04
0.01
0.01
0.01
0.01
0.01
-0.02
-0.02
0.04
0.04
0.02
0.02
0.01
0.01
0.01
0.01
0.01
0.01
0.01
0.02
0.03
0.03
0.03
0.02
0.02
0.02
0.02
0.02
0.02
0.02
0.02
0.02
-0.00
-0.00
0.03
0.03
0.03
0.03
0.03
0.03
0.03
0.03
-0.07
-0.07
-0.07
-0.07
-0.05
-0.04
0.01
0.01
0.02
0.02
0.02
0.02
0.02
0.02
0.02
0.02
0.03
0.03
0.03
0.03
0.03
0.03
0.02
0.02
0.02
0.02
0.02
0.01
0.01
-0.04
-0.04
-0.04
-0.04
-0.04
0.02
0.02
0.04
0.04
0.04
0.04
0.04
-0.02
-0.00
-0.00
0.03
0.03
0.03
0.03
0.03
0.03
0.03
-0.08
-0.08
-0.08
0.02
0.02
0.02
-0.04
-0.04
-0.04
-0.04
-0.04
-0.09
-0.03
-0.03
-0.03
-0.03
0.02
0.02
-0.05
0.04
0.02
0.02
0.02
0.02
0.01
0.01
0.01
0.04
-0.03
-0.03
-0.03
-0.03
-0.02
0.01
0.01
0.01
0.03
0.03
0.03
-0.05
0.00
0.00
0.00
0.02
0.02
0.02
0.02
0.00
0.01
0.01
0.01
0.01
0.01
0.01
0.01
0.01
0.01
0.03
0.03
0.03
0.03
0.03
0.02
0.01
0.01
0.01
0.01
0.01
0.01
0.01
0.04
0.04
0.04
0.04
0.04
0.04
0.04
0.04
0.04
0.04
0.04
0.04
0.04
0.04
0.01
0.02
0.02
0.02
0.02
0.02
0.02
0.01
-0.05
-0.05
-0.05
-0.05
-0.05
0.01
0.01
0.01
0.01
0.01
0.01
0.01
0.01
0.01
0.02
-0.04
-0.04
-0.04
-0.04
0.02
-0.01
-0.01
-0.01
-0.01
-0.01
-0.01
0.02
-0.09
-0.09
0.01
-0.05
-0.05
-0.05
-0.05
0.01
0.01
-0.03
-0.03
-0.03
-0.03
0.01
0.01
0.01
0.01
0.01
0.01
0.01
0.01
0.01
-0.00
-0.00
-0.00
-0.00
0.02
0.01
0.02
0.01
0.01
0.01
0.01
0.01
-0.03
-0.03
0.01
0.00
0.00
0.00
0.00
0.00
0.00
0.00
0.00
0.00
0.00
0.00
0.00
0.00
-0.03
-0.03
-0.03
-0.03
-0.01
-0.01
-0.01
-0.01
-0.01
-0.01
-0.01
-0.01
0.01
0.01
0.01
0.01
-0.04
-0.04
0.01
-0.05
-0.05
-0.05
-0.05
-0.05
-0.05
-0.05
-0.05
-0.01
0.01
-0.00
-0.04
-0.04
0.00
-0.01
0.01
0.01
0.01
0.01
0.01
-0.04
-0.03
-0.03
-0.03
-0.03
-0.03
-0.04
0.01
-0.02
-0.00
-0.00
-0.00
-0.05