1.14
1.14
1.14
1.11
1.08
1.08
1.14
1.14
1.14
1.08
1.08
1.08
1.08
1.08
1.08
1.08
1.08
1.08
1.08
1.08
1.08
1.08
1.11
1.11
1.07
1.08
1.08
1.08
1.08
1.08
1.09
1.08
1.08
1.08
1.08
1.08
1.08
1.08
1.08
1.12
1.08
1.08
1.08
1.08
1.08
1.08
1.08
1.11
1.11
1.11
1.11
1.11
1.11
1.11
1.10
1.10
1.11
1.11
1.11
1.11
1.11
1.11
1.11
1.11
1.11
1.11
1.08
1.08
1.12
1.12
1.12
1.12
1.12
1.08
1.08
1.07
1.10
1.10
1.09
1.09
1.09
1.09
1.09
1.09
1.07
1.07
1.07
1.11
1.11
1.11
1.11
1.14
1.11
1.11
1.11
1.11
1.11
1.11
1.11
1.11
1.11
1.11
1.11
1.09
1.08
1.06
1.08
1.05
1.05
1.05
1.08
1.08
1.10
1.08
1.10
1.10
1.10
1.10
1.10
1.10
1.10
1.09
1.09
1.09
1.09
1.09
1.09
1.08
1.10
1.10
1.10
1.10
1.10
1.10
1.05
1.05
1.05
1.05
1.05
1.05
1.10
1.10
1.10
1.09
1.13
1.13
1.13
1.13
1.07
1.07
1.07
1.07
1.07
1.07
1.05
1.06
1.06
1.09
1.09
1.09
1.09
1.09
1.09
1.05
1.07
1.07
1.10
1.10
1.10
1.10
1.10
1.10
1.10
1.09
1.09
1.09
1.09
1.09
1.09
1.11
1.09
1.09
1.09
1.09
1.09
1.09
1.09
1.09
1.10
1.10
1.10
1.11
1.11
1.11
1.11
1.11
1.11
1.11
1.11
1.12
1.12
1.12
1.12
1.10
1.10
1.08
1.08
1.08
1.07
1.07
1.07
1.07
1.07
1.09
1.09
1.07
1.11
1.12
1.11
1.11
1.10
1.10
1.10
1.10
1.10
1.04
1.04
1.04
1.04
1.04
1.04
1.12
1.12
1.12
1.12
1.12
1.11
1.11
1.11
1.11
1.11
1.10
1.10
1.11
1.11
1.10
1.10
1.10
1.10
1.10
1.10
1.10
1.13
1.13
1.13
1.13
1.13
1.13
1.12
1.11
1.11
1.11
1.11
1.11
1.11
1.11
1.11
1.12
1.11
1.11
1.11
1.11
1.11
1.11
1.11
1.11
1.10
1.10
1.10
1.12
1.12
1.12
1.12
1.12
1.12
1.12
1.12
1.12
1.12
1.09
1.11
1.14
1.14
1.14
1.14
1.14
1.14
1.14
1.14
1.14
1.14
1.14
1.09
1.09
1.09
1.09
1.10
1.10
1.10
1.10
1.10
1.10
1.06
1.10
1.10
1.10
1.10
1.10
1.10
1.10
1.10
1.10
1.10
1.10
1.10
1.09
1.09
1.10
1.04
1.04
1.04
1.04
1.04
1.04
1.04
1.04
1.04
1.04
1.04
1.06
1.06
1.10
1.09
1.09
1.09
1.12
1.12
1.09
1.09
1.09
1.08
1.08
1.08
1.08
1.08
1.08
1.08
1.08
1.08
1.08
1.08
1.08
1.04
1.05
1.07
1.08
1.08
1.08
1.08
1.08
1.08
1.09
1.09
1.09
1.09
1.09
1.09
1.09
1.09
1.09
1.09
1.06
1.06
1.06
1.06
1.10
1.03
1.05
1.05
1.05
1.05
1.06
1.06
1.07
1.07
1.07
1.07
1.07
1.07
1.07
1.07
1.09
1.04
1.04
1.04
1.04
1.07
1.07
1.07
1.06
1.06
1.06
1.06
1.06
1.06
1.07
1.07
1.07
1.07
1.08
1.08
1.08
1.08
1.10
1.10
1.10
1.07
1.07
1.07
1.07
1.07
1.07
1.07
1.07
1.07
1.07
1.07
1.03
1.03
1.03
1.03
1.03
1.11
1.11
1.09
1.09
1.09
1.09
1.09
1.09
1.09
1.06
1.06
1.06
1.06
1.06
1.06
1.06
1.06
1.06
1.06
1.06
1.06
1.06
1.06
1.06
1.12
1.12
1.12
1.12
1.12
1.12
1.10
1.10
1.10
1.10
1.10
1.10
1.10
1.10
1.10
1.10
1.13
1.13
1.13
1.08
1.08
1.08
1.08
1.08
1.08
1.08
1.06
1.06
1.06
1.07
1.07
1.07
1.07
1.07