1.56
1.56
1.56
1.56
1.56
1.55
1.55
1.55
1.55
1.55
1.56
1.56
1.56
1.56
1.56
1.58
1.56
1.57
1.57
1.57
1.57
1.57
1.57
1.57
1.57
1.57
1.57
1.59
1.57
1.57
1.57
1.57
1.57
1.57
1.57
1.57
1.59
1.59
1.59
1.59
1.59
1.60
1.60
1.60
1.60
1.57
1.57
1.57
1.57
1.57
1.57
1.57
1.62
1.63
1.63
1.63
1.63
1.61
1.61
1.61
1.61
1.64
1.64
1.64
1.64
1.59
1.62
1.62
1.63
1.63
1.63
1.63
1.65
1.65
1.65
1.65
1.65
1.65
1.65
1.65
1.65
1.65
1.67
1.66
1.68
1.68
1.68
1.68
1.68
1.66
1.66
1.67
1.67
1.67
1.67
1.67
1.67
1.68
1.68
1.68
1.67
1.67
1.67
1.65
1.65
1.65
1.65
1.65
1.65
1.65
1.65
1.65
1.65
1.66
1.66
1.66
1.66
1.66
1.68
1.68
1.68
1.68
1.68
1.68
1.69
1.69
1.69
1.69
1.72
1.72
1.72
1.72
1.66
1.70
1.70
1.70
1.70
1.70
1.70
1.69
1.69
1.69
1.69
1.69
1.69
1.69
1.69
1.71
1.71
1.71
1.69
1.69
1.69
1.69
1.70
1.70
1.70
1.70
1.70
1.70
1.71
1.71
1.71
1.71
1.73
1.73
1.73
1.73
1.70
1.70
1.70
1.70
1.72
1.72
1.72
1.72
1.72
1.72
1.72
1.68
1.72
1.72
1.68
1.68
1.71
1.70
1.70
1.71
1.71
1.71
1.71
1.71
1.71
1.71
1.71
1.71
1.71
1.71
1.71
1.69
1.71
1.71
1.71
1.71
1.71
1.71
1.71
1.71
1.71
1.71
1.71
1.71
1.71
1.69
1.72
1.70
1.70
1.70
1.70
1.70
1.70
1.71
1.71
1.71
1.71
1.69
1.69
1.69
1.69
1.69
1.71
1.71
1.72
1.72
1.72
1.72
1.72
1.70
1.70
1.69
1.69
1.69
1.69
1.72
1.71
1.71
1.71
1.72
1.72
1.72
1.72
1.73
1.73
1.70
1.71
1.69
1.69
1.69
1.71
1.71
1.71
1.73
1.75
1.75
1.75
1.72
1.72
1.72
1.74
1.71
1.71
1.71
1.71
1.72
1.72
1.72
1.72
1.74
1.74
1.74
1.70
1.72
1.72
1.74
1.74
1.74
1.74
1.74
1.73
1.73
1.73
1.73
1.72
1.72
1.72
1.72
1.72
1.72
1.73
1.72
1.72
1.72
1.72
1.72
1.75
1.71
1.77
1.77
1.77
1.77
1.75
1.75
1.75
1.75
1.76
1.76
1.74
1.74
1.74
1.74
1.74
1.74
1.74
1.74
1.74
1.74
1.74
1.74
1.78
1.77
1.77
1.77
1.77
1.77
1.77
1.77
1.77
1.77
1.77
1.76
1.74
1.74
1.74
1.78
1.78
1.78
1.78
1.74
1.74
1.74
1.75
1.75
1.75
1.79
1.78
1.78
1.78
1.78
1.78
1.78
1.78
1.79
1.78
1.78
1.79
1.79
1.79
1.79
1.79
1.79
1.79
1.81
1.78
1.78
1.78
1.78
1.79
1.79
1.74
1.74
1.77
1.80
1.80
1.80
1.79
1.79
1.79
1.79
1.82
1.82
1.82
1.82
1.79
1.76
1.78
1.79
1.75
1.75
1.75
1.79
1.79
1.79
1.79
1.79
1.79
1.80
1.80
1.79
1.79
1.79
1.79
1.80
1.80
1.77
1.77
1.77
1.77
1.84
1.79
1.79
1.79
1.79
1.82
1.82
1.82
1.83
1.79
1.79
1.79
1.82
1.35
1.35
1.35
1.81
1.81
1.81
1.82
1.82
1.82
1.82
1.81
1.81
1.81
1.81
1.81
1.81
1.81
1.84
1.82
1.82
1.82
1.86
1.86
1.86
1.36
1.36
1.42
1.42
1.41
1.82
1.82
1.82
1.81
1.81
1.81
1.81
1.81
1.36
1.36
1.36
1.36
1.36
1.36
1.84
1.84
1.84
1.85
1.39
1.83
1.83
1.83
1.83
1.84
1.84
1.82
1.85
1.85
1.85
1.33
1.82
1.82
1.82
0.86
0.94
0.94
0.94
0.94
0.94
0.94
0.94