1.26
1.27
1.27
1.23
1.23
1.23
1.25
1.26
1.26
1.26
1.26
1.26
1.26
1.26
1.25
1.25
1.26
1.26
1.26
1.26
1.26
1.26
1.22
1.23
1.23
1.23
1.23
1.23
1.26
1.26
1.26
1.29
1.26
1.26
1.26
1.26
1.26
1.26
1.26
1.26
1.26
1.26
1.25
1.25
1.28
1.24
1.24
1.29
1.29
1.29
1.29
1.28
1.28
1.26
1.26
1.26
1.26
1.26
1.30
1.28
1.26
1.26
1.26
1.26
1.26
1.29
1.29
1.28
1.28
1.28
1.28
1.28
1.26
1.26
1.26
1.28
1.29
1.29
1.29
1.26
1.26
1.26
1.28
1.28
1.31
1.31
1.31
1.25
1.25
1.25
1.26
1.26
1.25
1.25
1.25
1.30
1.29
1.29
1.29
1.29
1.26
1.31
1.29
1.29
1.29
1.29
1.29
1.29
1.29
1.29
1.29
1.29
1.26
1.26
1.26
1.26
1.26
1.28
1.28
1.29
1.31
1.31
1.31
1.31
1.31
1.28
1.28
1.27
1.30
1.30
1.30
1.27
1.27
1.27
1.27
1.27
1.26
1.26
1.26
1.30
1.30
1.32
1.32
1.32
1.32
1.30
1.30
1.31
1.31
1.31
1.31
1.31
1.31
1.31
1.29
1.29
1.27
1.27
1.27
1.27
1.27
1.27
1.27
1.27
1.27
1.27
1.27
1.27
1.30
1.30
1.29
1.29
1.30
1.30
1.30
1.30
1.27
1.27
1.27
1.27
1.27
1.27
1.27
1.28
1.28
1.27
1.30
1.30
1.30
1.30
1.30
1.30
1.30
1.30
1.30
1.30
1.30
1.30
1.30
1.30
1.30
1.29
1.29
1.29
1.29
1.29
1.32
1.32
1.32
1.30
1.30
1.30
1.30
1.30
1.30
1.30
1.27
1.27
1.27
1.27
1.31
1.31
1.31
1.31
1.31
1.29
1.29
1.29
1.29
1.29
1.29
1.29
1.29
1.29
1.29
1.33
1.33
1.28
1.28
1.28
1.28
1.31
1.31
1.31
1.31
1.31
1.31
1.31
1.31
1.31
1.31
1.32
1.31
1.31
1.31
1.31
1.31
1.32
1.30
1.30
1.30
1.30
1.27
1.27
1.27
1.30
1.28
1.28
1.28
1.26
1.26
1.26
1.31
1.31
1.31
1.26
1.28
1.28
1.28
1.28
1.30
1.30
1.31
1.30
1.30
1.30
1.30
1.30
1.33
1.33
1.33
1.33
1.33
1.33
1.27
1.27
1.30
1.30
1.30
1.30
1.30
1.30
1.31
1.31
1.30
1.30
1.30
1.30
1.30
1.30
1.30
1.31
1.31
1.31
1.31
1.31
1.31
1.31
1.29
1.29
1.28
1.29
1.29
1.29
1.29
1.29
1.29
1.28
1.28
1.28
1.28
1.28
1.29
1.29
1.29
1.26
1.26
1.26
1.28
1.28
1.26
1.25
1.25
1.25
1.25
1.25
1.25
1.25
1.25
1.25
1.29
1.29
1.29
1.29
1.29
1.29
1.29
1.29
1.29
1.29
1.29
1.31
1.28
1.26
1.26
1.26
1.26
1.26
1.26
1.28
1.28
1.28
1.28
1.28
1.28
1.28
1.28
1.28
1.27
1.27
1.27
1.27
1.27
1.26
1.26
1.26
1.26
1.29
1.29
1.29
1.29
1.27
1.27
1.30
1.30
1.30
1.25
1.25
1.25
1.30
1.24
1.24
1.24
1.24
1.24
1.24
1.27
1.27
1.25
1.25
1.25
1.25
1.25
1.25
1.26
1.29
1.26
1.27
1.27
1.27
1.27
1.26
1.26
1.26
1.26
1.26
1.26
1.26
1.25
1.25
1.25
1.24
1.24
1.24
1.24
1.23
1.23
1.29
1.29
1.26
1.25
1.25
1.25
1.25
1.25
1.25
1.25
1.25
1.25
1.25
1.24
1.24
1.24
1.24
1.22
1.22
1.22
1.22
1.23
1.23
1.25
1.25
1.24
1.24
1.24
1.25
1.25
1.25
1.27
1.27
1.27
1.27
1.23
1.23
1.23
1.23
1.23
1.23
1.23
1.23
1.23
1.23
1.23
1.24
1.24
1.24
1.24
1.24
1.25
1.23
1.23
1.23
1.23
1.23
1.24
1.24
1.22
1.21
1.21
1.21