0.16
0.16
0.08
0.18
0.18
0.18
0.18
0.15
0.15
0.17
0.17
0.17
0.17
0.07
0.07
0.07
0.07
0.07
0.07
0.07
0.13
0.13
0.13
0.13
0.09
0.09
0.09
0.09
0.13
0.13
0.17
0.17
0.17
0.17
0.17
0.16
0.16
0.15
0.17
0.17
0.17
0.17
0.14
0.14
0.14
0.14
0.09
0.09
0.09
0.16
0.16
0.16
0.15
0.13
0.13
0.13
0.13
0.15
0.15
0.15
0.15
0.14
0.14
0.14
0.14
0.10
0.10
0.10
0.15
0.15
0.15
0.15
0.15
0.15
0.15
0.17
0.17
0.17
0.17
0.17
0.13
0.13
0.13
0.13
0.13
0.13
0.15
0.08
0.08
0.08
0.08
0.08
0.08
0.08
0.08
0.15
0.15
0.15
0.15
0.16
0.16
0.16
0.16
0.16
0.16
0.14
0.18
0.18
0.16
0.16
0.16
0.18
0.18
0.15
0.15
0.15
0.15
0.15
0.13
0.13
0.13
0.13
0.13
0.13
0.14
0.14
0.14
0.14
0.15
0.15
0.15
0.15
0.15
0.17
0.17
0.17
0.17
0.17
0.16
0.16
0.16
0.16
0.17
0.17
0.17
0.17
0.17
0.08
0.08
0.08
0.08
0.08
0.08
0.10
0.10
0.10
0.11
0.11
0.11
0.11
0.14
0.14
0.14
0.14
0.14
0.14
0.14
0.14
0.15
0.14
0.14
0.15
0.15
0.15
0.15
0.15
0.15
0.15
0.11
0.10
0.10
0.10
0.17
0.17
0.14
0.14
0.14
0.14
0.14
0.14
0.14
0.17
0.15
0.15
0.09
0.09
0.09
0.09
0.09
0.16
0.16
0.16
0.16
0.16
0.16
0.16
0.16
0.12
0.12
0.12
0.12
0.12
0.16
0.16
0.16
0.14
0.14
0.14
0.14
0.14
0.11
0.11
0.16
0.16
0.11
0.11
0.11
0.17
0.17
0.17
0.17
0.17
0.14
0.10
0.11
0.17
0.17
0.16
0.16
0.16
0.14
0.14
0.11
0.12
0.12
0.12
0.12
0.12
0.12
0.09
0.15
0.16
0.15
0.15
0.15
0.15
0.16
0.17
0.17
0.10
0.10
0.10
0.10
0.13
0.13
0.13
0.09
0.15
0.15
0.15
0.15
0.15
0.15
0.09
0.09
0.09
0.09
0.09
0.14
0.14
0.14
0.13
0.13
0.13
0.13
0.09
0.09
0.15
0.15
0.15
0.15
0.15
0.15
0.13
0.13
0.13
0.13
0.13
0.16
0.10
0.10
0.10
0.10
0.10
0.10
0.10
0.10
0.08
0.08
0.08
0.08
0.08
0.08
0.09
0.15
0.11
0.15
0.15
0.15
0.15
0.15
0.15
0.15
0.14
0.14
0.14
0.10
0.10
0.09
0.09
0.09
0.09
0.09
0.09
0.09
0.09
0.11
0.12
0.10
0.10
0.10
0.10
0.10
0.10
0.12
0.12
0.12
0.11
0.11
0.11
0.14
0.14
0.14
0.11
0.11
0.11
0.12
0.12
0.10
0.12
0.12
0.12
0.12
0.12
0.12
0.12
0.16
0.16
0.16
0.16
0.16
0.16
0.11
0.11
0.14
0.14
0.14
0.14
0.14
0.12
0.12
0.12
0.12
0.12
0.12
0.12
0.12
0.12
0.12
0.11
0.11
0.11
0.11
0.11
0.06
0.11
0.11
0.12
0.12
0.12
0.11
0.11
0.11
0.09
0.09
0.09
0.09
0.09
0.09
0.09
0.05
0.05
0.15
0.15
0.15
0.15
0.11
0.11
0.10
0.10
0.10
0.15
0.15
0.15
0.15
0.05
0.13
0.13
0.13
0.15
0.15
0.15
0.15
0.15
0.15
0.13
0.13
0.10
0.10
0.10
0.09
0.09
0.09
0.09
0.12
0.08
0.11
0.11
0.11
0.11
0.11
0.11
0.11
0.12
0.12
0.12
0.12
0.12
0.12
0.12
0.12
0.15
0.15
0.15
0.14
0.14
0.14
0.14
0.14
0.14
0.14
0.14
0.14
0.14
0.14
0.12
0.12
0.12
0.12
0.12
0.12
0.16
0.16
0.16
0.16
0.16
0.16
0.16
0.09
0.05
0.05
0.05
0.05
0.05
0.05
0.05
0.05
0.05
0.05
0.05