0.49
0.43
0.41
0.47
0.47
0.44
0.44
0.44
0.44
0.44
0.41
0.41
0.41
0.41
0.41
0.41
0.40
0.43
0.43
0.43
0.43
0.43
0.43
0.43
0.43
0.43
0.47
0.47
0.46
0.46
0.46
0.46
0.40
0.40
0.49
0.47
0.47
0.47
0.44
0.44
0.44
0.47
0.47
0.47
0.47
0.47
0.47
0.47
0.47
0.45
0.45
0.45
0.37
0.37
0.42
0.42
0.42
0.42
0.42
0.42
0.42
0.42
0.40
0.40
0.41
0.41
0.41
0.41
0.44
0.41
0.43
0.43
0.43
0.43
0.43
0.43
0.40
0.40
0.52
0.52
0.52
0.52
0.52
0.52
0.52
0.40
0.40
0.40
0.40
0.49
0.49
0.49
0.49
0.46
0.46
0.46
0.39
0.39
0.42
0.42
0.42
0.42
0.42
0.42
0.42
0.43
0.41
0.41
0.41
0.42
0.39
0.46
0.46
0.52
0.52
0.41
0.41
0.40
0.46
0.41
0.44
0.44
0.44
0.44
0.44
0.44
0.40
0.44
0.44
0.44
0.44
0.44
0.44
0.44
0.44
0.44
0.43
0.43
0.41
0.41
0.41
0.41
0.41
0.41
0.41
0.41
0.41
0.41
0.50
0.50
0.40
0.40
0.42
0.46
0.46
0.53
0.53
0.53
0.53
0.40
0.40
0.40
0.44
0.40
0.40
0.40
0.37
0.42
0.42
0.42
0.41
0.41
0.45
0.45
0.45
0.45
0.45
0.45
0.45
0.45
0.41
0.41
0.45
0.45
0.45
0.45
0.45
0.45
0.47
0.47
0.47
0.47
0.39
0.39
0.39
0.41
0.41
0.41
0.41
0.41
0.41
0.41
0.42
0.42
0.42
0.42
0.42
0.42
0.43
0.43
0.43
0.45
0.45
0.45
0.39
0.47
0.47
0.47
0.44
0.44
0.44
0.44
0.44
0.44
0.44
0.39
0.47
0.47
0.47
0.50
0.50
0.44
0.47
0.47
0.47
0.47
0.47
0.47
0.47
0.45
0.45
0.45
0.45
0.44
0.44
0.44
0.38
0.38
0.38
0.38
0.38
0.43
0.48
0.48
0.48
0.45
0.45
0.44
0.44
0.44
0.44
0.44
0.44
0.45
0.45
0.45
0.45
0.42
0.42
0.42
0.42
0.42
0.42
0.42
0.42
0.42
0.45
0.45
0.45
0.45
0.45
0.43
0.43
0.43
0.38
0.47
0.47
0.47
0.47
0.47
0.47
0.47
0.41
0.41
0.41
0.41
0.41
0.45
0.45
0.45
0.45
0.45
0.45
0.40
0.40
0.48
0.48
0.48
0.48
0.48
0.44
0.44
0.43
0.43
0.43
0.43
0.43
0.43
0.43
0.43
0.45
0.42
0.42
0.42
0.42
0.42
0.42
0.42
0.42
0.42
0.42
0.42
0.42
0.42
0.42
0.45
0.45
0.45
0.45
0.43
0.43
0.42
0.44
0.44
0.44
0.44
0.44
0.43
0.43
0.43
0.43
0.46
0.46
0.46
0.46
0.46
0.45
0.45
0.45
0.45
0.45
0.40
0.40
0.40
0.36
0.36
0.36
0.36
0.36
0.46
0.45
0.45
0.45
0.45
0.45
0.45
0.45
0.45
0.45
0.47
0.42
0.39
0.39
0.39
0.39
0.39
0.43
0.43
0.43
0.43
0.43
0.43
0.43
0.43
0.43
0.44
0.44
0.44
0.44
0.44
0.44
0.44
0.37
0.37
0.37
0.37
0.37
0.37
0.43
0.43
0.43
0.43
0.43
0.43
0.43
0.42
0.42
0.42
0.42
0.37
0.37
0.37
0.40
0.40
0.40
0.38
0.38
0.38
0.38
0.38
0.38
0.43
0.43
0.41
0.41
0.41
0.41
0.41
0.41
0.41
0.42
0.39
0.39
0.39
0.40
0.40
0.40
0.40
0.43
0.43
0.43
0.43
0.53
0.53
0.53
0.40
0.40
0.40
0.40
0.40
0.40
0.40
0.45
0.40
0.40
0.40
0.40
0.40
0.40
0.40
0.40
0.40
0.40
0.40
0.40
0.40
0.40
0.47
0.43
0.43
0.43
0.43
0.41
0.42
0.42
0.42
0.42
0.42
0.42
0.48
0.45
0.45
0.44
0.44
0.45
0.45
0.45
0.45
0.45
0.45