0.54
0.55
0.56
0.56
0.56
0.58
0.58
0.53
0.53
0.53
0.53
0.54
0.55
0.55
0.55
0.57
0.54
0.54
0.54
0.54
0.54
0.54
0.54
0.54
0.62
0.58
0.58
0.58
0.58
0.58
0.58
0.58
0.58
0.58
0.58
0.59
0.59
0.59
0.59
0.55
0.55
0.60
0.60
0.53
0.53
0.52
0.52
0.53
0.59
0.57
0.57
0.54
0.54
0.54
0.55
0.54
0.55
0.55
0.55
0.55
0.55
0.55
0.55
0.55
0.55
0.55
0.55
0.57
0.56
0.56
0.59
0.56
0.56
0.56
0.56
0.56
0.56
0.56
0.56
0.56
0.56
0.56
0.61
0.61
0.58
0.58
0.58
0.58
0.58
0.59
0.56
0.56
0.56
0.63
0.63
0.63
0.63
0.63
0.63
0.63
0.63
0.56
0.56
0.56
0.56
0.61
0.61
0.61
0.61
0.61
0.61
0.61
0.61
0.61
0.61
0.59
0.61
0.61
0.61
0.55
0.55
0.55
0.56
0.59
0.59
0.59
0.59
0.53
0.57
0.51
0.51
0.51
0.51
0.51
0.51
0.54
0.54
0.54
0.61
0.61
0.61
0.61
0.61
0.61
0.61
0.61
0.61
0.51
0.51
0.55
0.55
0.53
0.52
0.52
0.52
0.51
0.51
0.51
0.49
0.49
0.51
0.51
0.51
0.51
0.53
0.45
0.45
0.50
0.50
0.50
0.50
0.50
0.50
0.50
0.47
0.47
0.47
0.47
0.50
0.45
0.45
0.46
0.46
0.46
0.46
0.46
0.46
0.48
0.48
0.48
0.47
0.47
0.46
0.46
0.46
0.51
0.46
0.46
0.46
0.46
0.47
0.47
0.48
0.51
0.51
0.47
0.47
0.47
0.47
0.47
0.47
0.47
0.47
0.47
0.47
0.47
0.51
0.51
0.51
0.51
0.51
0.51
0.51
0.51
0.51
0.46
0.46
0.46
0.46
0.46
0.46
0.48
0.48
0.48
0.47
0.47
0.46
0.50
0.54
0.54
0.53
0.53
0.53
0.53
0.48
0.48
0.48
0.48
0.51
0.51
0.51
0.52
0.52
0.52
0.52
0.49
0.49
0.49
0.55
0.55
0.47
0.47
0.47
0.52
0.52
0.54
0.54
0.50
0.50
0.52
0.52
0.52
0.52
0.51
0.51
0.51
0.53
0.52
0.52
0.52
0.52
0.52
0.51
0.51
0.51
0.51
0.51
0.51
0.51
0.55
0.62
0.57
0.57
0.57
0.57
0.57
0.57
0.53
0.53
0.53
0.54
0.54
0.54
0.54
0.54
0.54
0.54
0.54
0.54
0.54
0.54
0.54
0.52
0.52
0.52
0.52
0.53
0.53
0.53
0.49
0.49
0.49
0.49
0.49
0.49
0.49
0.49
0.49
0.55
0.51
0.51
0.51
0.51
0.52
0.52
0.52
0.52
0.54
0.54
0.55
0.55
0.55
0.54
0.54
0.54
0.53
0.53
0.53
0.57
0.48
0.48
0.48
0.48
0.48
0.48
0.52
0.50
0.47
0.58
0.58
0.58
0.58
0.58
0.56
0.56
0.53
0.53
0.53
0.53
0.53
0.53
0.56
0.53
0.53
0.53
0.53
0.53
0.53
0.53
0.53
0.53
0.53
0.53
0.52
0.52
0.52
0.52
0.52
0.52
0.52
0.52
0.51
0.53
0.56
0.56
0.56
0.56
0.56
0.56
0.53
0.59
0.59
0.59
0.58
0.58
0.55
0.55
0.55
0.53
0.52
0.59
0.59
0.59
0.50
0.50
0.54
0.54
0.54
0.54
0.49
0.49
0.49
0.49
0.49
0.53
0.52
0.52
0.52
0.52
0.54
0.54
0.55
0.55
0.55
0.55
0.55
0.53
0.51
0.51
0.51
0.51
0.53
0.53
0.53
0.57
0.58
0.57
0.57
0.57
0.57
0.57
0.54
0.54
0.56
0.56
0.56
0.56
0.53
0.56
0.53
0.53
0.58
0.58
0.58
0.58
0.58
0.60
0.58
0.58
0.58
0.58
0.53
0.53
0.53
0.58
0.58
0.54
0.60
0.60
0.60
0.60
0.60
0.56
0.54
0.54
0.61
0.61
0.61
0.61
0.58
0.58
0.58
0.58
0.58
0.58
0.58
0.57
0.58
0.58
0.58