0.71
0.75
0.75
0.73
0.75
0.75
0.75
0.75
0.76
0.76
0.67
0.67
0.78
0.78
0.78
0.78
0.78
0.73
0.73
0.73
0.73
0.73
0.76
0.76
0.74
0.74
0.69
0.69
0.69
0.69
0.69
0.69
0.69
0.69
0.76
0.76
0.77
0.77
0.70
0.70
0.74
0.74
0.70
0.70
0.70
0.74
0.76
0.76
0.76
0.76
0.74
0.77
0.77
0.77
0.77
0.77
0.73
0.76
0.76
0.76
0.70
0.70
0.68
0.68
0.68
0.74
0.74
0.74
0.74
0.74
0.75
0.75
0.77
0.77
0.77
0.70
0.70
0.70
0.70
0.70
0.68
0.68
0.68
0.68
0.66
0.74
0.74
0.75
0.75
0.75
0.75
0.75
0.75
0.75
0.72
0.72
0.72
0.72
0.72
0.72
0.72
0.72
0.73
0.73
0.73
0.71
0.71
0.77
0.77
0.76
0.76
0.76
0.76
0.80
0.80
0.67
0.77
0.77
0.77
0.77
0.77
0.76
0.76
0.76
0.76
0.73
0.73
0.73
0.73
0.73
0.73
0.75
0.75
0.75
0.70
0.70
0.70
0.75
0.75
0.74
0.74
0.74
0.70
0.69
0.68
0.68
0.67
0.67
0.67
0.67
0.67
0.67
0.75
0.75
0.75
0.74
0.74
0.74
0.77
0.71
0.71
0.73
0.73
0.73
0.73
0.75
0.75
0.70
0.75
0.75
0.75
0.70
0.70
0.70
0.71
0.71
0.71
0.71
0.71
0.71
0.71
0.71
0.71
0.71
0.71
0.71
0.71
0.70
0.71
0.75
0.75
0.75
0.75
0.75
0.76
0.69
0.76
0.76
0.76
0.76
0.76
0.76
0.76
0.76
0.76
0.76
0.70
0.70
0.70
0.72
0.72
0.72
0.72
0.72
0.72
0.72
0.73
0.73
0.77
0.77
0.71
0.71
0.71
0.71
0.75
0.75
0.75
0.75
0.71
0.71
0.72
0.72
0.72
0.70
0.68
0.68
0.68
0.68
0.71
0.71
0.67
0.67
0.67
0.67
0.70
0.70
0.70
0.70
0.74
0.74
0.79
0.79
0.79
0.79
0.74
0.74
0.72
0.72
0.73
0.73
0.73
0.73
0.73
0.74
0.74
0.77
0.71
0.71
0.67
0.67
0.67
0.67
0.67
0.67
0.67
0.67
0.68
0.68
0.68
0.68
0.68
0.68
0.68
0.73
0.77
0.77
0.76
0.78
0.78
0.78
0.78
0.78
0.75
0.75
0.76
0.76
0.76
0.76
0.76
0.73
0.73
0.70
0.77
0.77
0.77
0.77
0.77
0.77
0.75
0.69
0.69
0.76
0.76
0.76
0.74
0.74
0.72
0.77
0.77
0.77
0.69
0.69
0.79
0.76
0.77
0.77
0.77
0.74
0.79
0.79
0.79
0.79
0.78
0.78
0.73
0.73
0.73
0.73
0.69
0.69
0.69
0.69
0.69
0.77
0.77
0.77
0.76
0.75
0.75
0.70
0.70
0.70
0.70
0.70
0.74
0.74
0.74
0.74
0.74
0.73
0.68
0.68
0.68
0.70
0.70
0.70
0.73
0.73
0.73
0.73
0.73
0.73
0.73
0.73
0.79
0.79
0.77
0.77
0.77
0.77
0.77
0.74
0.74
0.68
0.76
0.76
0.76
0.70
0.70
0.78
0.74
0.74
0.74
0.71
0.71
0.71
0.71
0.71
0.71
0.71
0.71
0.71
0.70
0.74
0.71
0.71
0.71
0.71
0.71
0.71
0.80
0.74
0.74
0.74
0.71
0.71
0.75
0.75
0.75
0.75
0.75
0.75
0.75
0.75
0.75
0.75
0.75
0.76
0.77
0.77
0.78
0.78
0.78
0.70
0.70
0.66
0.66
0.66
0.76
0.67
0.67
0.75
0.75
0.72
0.72
0.72
0.73
0.73
0.73
0.78
0.78
0.78
0.78
0.78
0.76
0.73
0.74
0.74
0.74
0.74
0.74
0.74
0.75
0.74
0.74
0.74
0.74
0.74
0.74
0.74
0.75
0.75
0.69
0.69
0.69
0.73
0.73
0.73
0.73
0.73
0.73
0.73
0.73
0.74
0.74
0.74
0.77
0.77
0.77
0.66
0.66
0.75
0.75
0.74
0.74
0.74
0.74
0.74
0.74
0.74