0.83
0.83
0.83
0.83
0.79
0.79
0.79
0.79
0.79
0.79
0.79
0.79
0.82
0.81
0.81
0.81
0.81
0.83
0.81
0.81
0.81
0.81
0.81
0.81
0.81
0.78
0.78
0.79
0.79
0.79
0.79
0.79
0.79
0.80
0.80
0.78
0.78
0.78
0.78
0.78
0.82
0.82
0.82
0.82
0.82
0.82
0.82
0.82
0.79
0.83
0.81
0.85
0.83
0.83
0.83
0.84
0.81
0.81
0.82
0.82
0.82
0.82
0.82
0.82
0.82
0.81
0.81
0.81
0.81
0.80
0.80
0.80
0.81
0.78
0.83
0.83
0.83
0.83
0.83
0.79
0.83
0.83
0.82
0.82
0.82
0.82
0.81
0.81
0.81
0.81
0.81
0.82
0.82
0.82
0.81
0.81
0.81
0.81
0.81
0.81
0.81
0.81
0.80
0.80
0.80
0.80
0.76
0.76
0.76
0.82
0.82
0.81
0.81
0.81
0.81
0.81
0.79
0.81
0.81
0.81
0.81
0.81
0.81
0.81
0.81
0.81
0.81
0.81
0.81
0.81
0.81
0.81
0.81
0.81
0.82
0.82
0.80
0.80
0.79
0.81
0.82
0.82
0.82
0.82
0.82
0.82
0.82
0.82
0.82
0.82
0.82
0.82
0.82
0.82
0.82
0.82
0.82
0.82
0.81
0.81
0.81
0.80
0.83
0.82
0.82
0.82
0.85
0.85
0.85
0.82
0.82
0.82
0.82
0.82
0.82
0.82
0.82
0.82
0.83
0.83
0.83
0.83
0.83
0.82
0.82
0.80
0.80
0.80
0.80
0.80
0.80
0.80
0.80
0.80
0.80
0.80
0.84
0.84
0.84
0.84
0.84
0.84
0.84
0.79
0.79
0.79
0.81
0.82
0.82
0.82
0.79
0.79
0.79
0.80
0.80
0.80
0.80
0.80
0.80
0.80
0.85
0.85
0.79
0.84
0.84
0.86
0.86
0.86
0.80
0.80
0.80
0.80
0.82
0.82
0.82
0.84
0.81
0.82
0.82
0.82
0.82
0.80
0.80
0.83
0.83
0.83
0.83
0.83
0.83
0.83
0.83
0.82
0.84
0.84
0.84
0.85
0.85
0.85
0.80
0.82
0.82
0.82
0.81
0.81
0.81
0.81
0.81
0.78
0.78
0.78
0.83
0.83
0.83
0.83
0.80
0.80
0.80
0.80
0.80
0.80
0.80
0.80
0.83
0.83
0.84
0.84
0.84
0.81
0.77
0.81
0.81
0.81
0.85
0.83
0.85
0.85
0.85
0.85
0.85
0.85
0.85
0.85
0.81
0.81
0.83
0.83
0.83
0.83
0.83
0.83
0.83
0.83
0.83
0.83
0.83
0.82
0.82
0.82
0.82
0.79
0.82
0.82
0.78
0.78
0.80
0.84
0.84
0.84
0.84
0.84
0.82
0.82
0.82
0.79
0.79
0.79
0.79
0.79
0.79
0.82
0.82
0.82
0.82
0.82
0.82
0.82
0.82
0.82
0.82
0.82
0.82
0.82
0.82
0.84
0.79
0.79
0.79
0.81
0.81
0.81
0.81
0.80
0.80
0.80
0.80
0.80
0.80
0.85
0.85
0.85
0.85
0.81
0.81
0.81
0.81
0.84
0.84
0.80
0.80
0.81
0.81
0.81
0.80
0.78
0.76
0.76
0.76
0.86
0.86
0.80
0.80
0.80
0.80
0.80
0.80
0.80
0.80
0.80
0.80
0.83
0.83
0.85
0.85
0.85
0.77
0.77
0.78
0.78
0.78
0.81
0.81
0.81
0.81
0.81
0.81
0.81
0.81
0.81
0.81
0.84
0.84
0.84
0.84
0.84
0.82
0.82
0.82
0.82
0.82
0.82
0.82
0.82
0.82
0.82
0.82
0.83
0.83
0.83
0.85
0.85
0.83
0.83
0.83
0.82
0.79
0.79
0.79
0.79
0.79
0.79
0.78
0.79
0.79
0.79
0.79
0.79
0.81
0.80
0.80
0.82
0.82
0.82
0.82
0.82
0.82
0.80
0.80
0.80
0.80
0.80
0.80
0.80
0.80
0.80
0.80
0.80
0.80
0.80
0.80
0.82
0.82
0.82
0.82
0.78
0.80
0.80
0.80
0.88
0.88
0.88
0.88
0.81
0.83
0.82
0.81
0.77
0.85
0.85
0.85
0.85