0.90
0.86
0.89
0.89
0.91
0.91
0.91
0.91
0.91
0.91
0.91
0.91
0.88
0.88
0.88
0.90
0.90
0.90
0.90
0.90
0.90
0.90
0.90
0.90
0.88
0.88
0.88
0.88
0.88
0.88
0.86
0.91
0.90
0.90
0.90
0.90
0.90
0.88
0.88
0.88
0.88
0.86
0.86
0.86
0.86
0.86
0.90
0.90
0.90
0.90
0.88
0.88
0.87
0.87
0.87
0.87
0.87
0.87
0.87
0.87
0.87
0.87
0.92
0.92
0.92
0.91
0.88
0.88
0.88
0.86
0.86
0.86
0.86
0.86
0.86
0.95
0.95
0.90
0.90
0.90
0.90
0.90
0.90
0.90
0.88
0.88
0.88
0.90
0.87
0.90
0.90
0.90
0.90
0.90
0.87
0.88
0.85
0.85
0.85
0.89
0.89
0.89
0.89
0.90
0.90
0.90
0.90
0.90
0.90
0.90
0.89
0.89
0.89
0.89
0.89
0.88
0.88
0.89
0.89
0.87
0.87
0.90
0.90
0.90
0.90
0.88
0.88
0.88
0.88
0.88
0.88
0.88
0.88
0.88
0.88
0.88
0.91
0.91
0.91
0.91
0.91
0.91
0.87
0.87
0.92
0.92
0.93
0.93
0.93
0.88
0.88
0.86
0.86
0.86
0.86
0.88
0.86
0.87
0.87
0.88
0.88
0.88
0.91
0.92
0.92
0.92
0.92
0.92
0.92
0.92
0.92
0.89
0.89
0.89
0.89
0.89
0.89
0.89
0.90
0.90
0.90
0.90
0.90
0.90
0.90
0.88
0.91
0.92
0.92
0.90
0.90
0.90
0.90
0.90
0.90
0.91
0.93
0.93
0.93
0.93
0.91
0.91
0.88
0.88
0.88
0.88
0.88
0.88
0.88
0.89
0.89
0.89
0.89
0.89
0.89
0.87
0.91
0.93
0.93
0.93
0.93
0.93
0.90
0.88
0.86
0.86
0.86
0.86
0.86
0.89
0.89
0.89
0.90
0.90
0.90
0.90
0.90
0.90
0.90
0.94
0.94
0.89
0.89
0.89
0.89
0.88
0.88
0.89
0.89
0.89
0.89
0.89
0.89
0.89
0.85
0.85
0.85
0.85
0.85
0.90
0.89
0.89
0.89
0.89
0.89
0.89
0.89
0.89
0.89
0.89
0.89
0.89
0.89
0.88
0.88
0.88
0.88
0.88
0.88
0.89
0.89
0.89
0.89
0.92
0.92
0.92
0.92
0.90
0.88
0.88
0.92
0.92
0.92
0.92
0.92
0.91
0.91
0.91
0.91
0.89
0.89
0.89
0.89
0.89
0.89
0.89
0.86
0.86
0.86
0.86
0.88
0.88
0.88
0.88
0.92
0.92
0.92
0.93
0.93
0.91
0.91
0.91
0.89
0.89
0.88
0.87
0.91
0.91
0.91
0.89
0.89
0.89
0.89
0.89
0.89
0.87
0.87
0.87
0.87
0.91
0.91
0.89
0.89
0.89
0.89
0.89
0.89
0.89
0.89
0.89
0.89
0.89
0.89
0.89
0.88
0.93
0.86
0.86
0.86
0.89
0.89
0.89
0.89
0.89
0.89
0.89
0.89
0.89
0.89
0.89
0.86
0.86
0.86
0.86
0.86
0.86
0.86
0.89
0.89
0.89
0.89
0.89
0.89
0.89
0.92
0.88
0.88
0.88
0.88
0.88
0.91
0.91
0.90
0.90
0.90
0.90
0.90
0.90
0.92
0.92
0.92
0.92
0.92
0.92
0.92
0.92
0.92
0.92
0.92
0.92
0.92
0.92
0.92
0.88
0.88
0.88
0.88
0.88
0.88
0.88
0.88
0.90
0.90
0.90
0.91
0.91
0.91
0.91
0.91
0.91
0.87
0.87
0.89
0.89
0.89
0.88
0.86
0.86
0.86
0.86
0.86
0.86
0.86
0.90
0.85
0.85
0.91
0.91
0.91
0.91
0.91
0.91
0.91
0.91
0.91
0.91
0.87
0.87
0.86
0.83
0.83
0.89
0.89
0.89
0.89
0.88
0.88
0.88
0.88
0.91
0.91
0.91
0.91
0.89
0.89
0.89
0.89
0.89
0.87
0.87
0.84
0.84
0.84
0.87
0.87
0.87
0.87
0.90
0.90
0.90
0.87
0.87
0.87
0.87
0.87
0.87
0.87
0.87
0.87
0.87